27.2601248019
23.4049092966
21.9464416805
21.0796315404
20.4043772356
19.850859219
19.3941236733
19.005634495
18.6744345933
18.3826251912
18.1244214586
17.8987387711
17.6936127464
17.5008926431
17.3215695288
17.1575652334
17.0029160504
16.8565489275
16.7159874291
16.5770034328
16.4383203729
16.2992805383
16.161535381
16.0228943702
15.8811785071
15.7429003886
15.5983788261
15.4505250309
15.3036592073
15.1540469477
14.9986989785
14.8482045958
14.6943827945
14.5376834232
14.3798211299
14.2204815513
14.0599803406
13.9002466108
13.7388083143
13.5797157844
13.4199816439
13.2639936718
13.1114139268
12.9593023812
12.8076749036
12.6562672133
12.5092379772
12.3636026021
12.2184719275
12.0771410769
11.9371857735
11.8005617379
11.665402926
11.5325853991
11.4025646959
11.2744948712
11.1506042402
11.0278679977
10.9077880167
10.7915268632
10.6813679869
10.5688612697
10.4590344107
10.3517330333
10.2458993874
10.1427359698
10.0429877062
9.94439451016
9.84747197766
9.75404054468
9.66349868082
9.57401365374
9.48641391063
9.40049590951
9.31591692309
9.23399254188
9.15340427489
9.07560132315
8.99840114331
8.92221077862
8.84813153845
8.77541497951
8.70465748761
8.63626824084
8.56927538293
8.50391641301
8.43895067535
8.37533673102
8.31295523742
8.2524072703
8.19303165433
8.13541285166
8.07848517669
8.02267391531
7.9678636321
7.91395083782
7.86086978258
7.80930001331
7.75933989429
7.71211753991
7.66529792098
7.61924887554
7.57381586016
7.52798057738
7.48254955413
7.43782236781
7.39393733498
7.35069284925
7.30847481957
7.26688556729
7.22578448288
7.18602139753
7.14687999623
7.10813416021
7.07025526377
7.03341237387
6.99721815173
6.96165628826
6.92615305808
6.89099585059
6.8564455157
6.82239528382
6.78879558699
6.75585455458
6.72337537838
6.69126005867
6.65961436472
6.62849485658
6.59793768643
6.56798125841
6.53842338409
6.50925712478
6.48078198715
6.45301086594
6.42714961203
6.40163416012
6.37621541216
6.35091661292
6.32534717456
6.29991418013
6.2744164543
6.24913900881
6.22416086659
6.19954589848
6.17533749689
6.15141444368
6.12829660543
6.10532528118
6.08234138575
6.05968009845
6.03724601177
6.01540855587
5.99377272497
5.97353151636
5.95324379216
5.93331827296
5.9130428588
5.89269086224
5.87247105926
5.85240642075
5.83254498525
5.81298823474
5.79359382421
5.77442167044
5.75546884659
5.73677499082
5.71826458959
5.70001178992
5.68197374352
5.66415765101
5.64665559596
5.62948196868
5.61263324057
5.59628394323
5.58021508063
5.56469559896
5.54903282868
5.53322096147
5.51773616658
5.5021572038
5.48671570052
5.4712346499
5.45586498218
5.44064583027
5.42556002571
5.41063690731
5.39587362348
5.38126405389
5.36687077921
5.35255164151
5.3384265974
5.32439023568
5.31052143684
5.29678688933
5.28321227547
5.2698295033
5.25703073767
5.24441766384
5.23197691601
5.21998210408
5.20796280975
5.19587699012
5.18377951299
5.17153599458
5.15931844486
5.14716533512
5.13511687686
5.12317571988
5.11130705127
5.09955811962
5.0879223649
5.07638217353
5.06495851108
5.05363398445
5.04242426375
5.03130428204
5.02028587847
5.00936648801
4.99857489194
4.98792590261
4.97734754588
4.96696400809
4.95689022682
4.94855916491
4.93961925537
4.9302766074
4.92040179246
4.91054002754
4.90065847852
4.89087034252
4.88117694407
4.87155245459
4.86200996727
4.85255725686
4.84316897765
4.83385209775
4.8246147607
4.81544778515
4.80634429047
4.7973241764
4.78838835826
4.77950339721
4.77069145586
4.76197231471
4.75337163763
4.7448145487
4.73632267079
4.72790725341
4.71956410447
4.71134117215
4.70314995641
4.69511347451
4.68752440816
4.67976743799
4.67213281052
4.66456187357
4.65732588053
4.64991381581
4.64238536422
4.63483432959
4.62725027842
4.61969951642
4.61220282135
4.60475297276
4.597340479
4.58997679104
4.58267137593
4.57541181581
4.56821229433
4.56107022077
4.55399859454
4.54697404809
4.53996780138
4.53301697155
4.52612177031
4.51927391666
4.51247389776
4.5057867678
4.49913690343
4.49256070727
4.486148314
4.47980452567
4.47364355909
4.4676006335
4.46143037622
4.45533445845
4.44932753002
4.44320611562
4.43706249353
4.4309395308
4.42487144784
4.41878967505
4.4127506744
4.4067972083
4.40085108103
4.3949398496
4.38904567652
4.38317612386
4.37732797661
4.37151331763
4.36574500406
4.36000901383
4.35430777372
4.34864381459
4.34304410254
4.33747407231
4.33193779137
4.32650654944
4.32111807981
4.31587629619
4.31094073423
4.30602645363
4.30104192497
4.29588238522
4.29062576909
4.28534069664
4.28004491522
4.27475926938
4.26948863551
4.26423826843
4.25903314319
4.25385801961
4.24872825842
4.24366219356
4.2386462276
4.2335825256
4.2285450358
4.22351988897
4.21852997585
4.2135841069
4.20907859464
4.2045965841
4.19991767122
4.19514978147
4.19038729852
4.18561314364
4.18084708981
4.17612407829
4.17142877961
4.16674123434
4.16207828009
4.15744934394
4.15284363677
4.14826513354
4.14372246677
4.13919918216
4.13469648871
4.13022017829
4.12576816417
4.12134087238
4.116934355
4.11256057558
4.10821752021
4.1039040193
4.09965360222
4.09547652291
4.09143540332
4.08788128714
4.08413907103
4.08007663859
4.07600038565
4.07192256934
4.06785844963
4.0638062485
4.05975212281
4.05571302949
4.0516909735
4.04769363656
4.04372018586
4.03975839133
4.03581437982
4.03190025437
4.02800387288
4.02413325155
4.02027411728
4.01644239451
4.01265027088
4.00885774545
4.00507726984
4.0013220529
3.99760825528
3.99392602634
3.990310518
3.98680276128
3.9833530214
3.97993073651
3.97640913616
3.97292797401
3.96940149313
3.96584437629
3.96230158473
3.95878515902
3.95528872977
3.95181594646
3.94834141145
3.94490487821
3.94147613506
3.93805819615
3.93465277968
3.93125564957
3.92787141331
3.92450198654
3.92115289253
3.9178333799
3.91452576517
3.91123427115
3.90795243121
3.90469641832
3.9014534452
3.89821825506
3.89499853215
3.89179160181
3.88860030358
3.88543797606
3.88230810974
3.8792061839
3.87627186148
3.87355303979
3.87084994157
3.86809309536
3.86510553526
3.86208111026
3.85904557446
3.85602243192
3.8530171649
3.85002190529
3.84704300442
3.84407511567
3.84111867603
3.8381755907
3.83524519682
3.8323322487
3.82944136481
3.82655452092
3.82369453253
3.82083712332
3.817995204
3.81517561145
3.81235153635
3.80955286867
3.80677389511
3.80399571565
3.80122064588
3.79846194119
3.7957149228
3.79298083652
3.79026720118
3.78758092059
3.78493454569
3.78232970302
3.77974084264
3.77721971947
3.77477480166
3.77221704526
3.76966853329
3.76711853469
3.76456796508
3.76200152976
3.75944224954
3.75688505155
3.75434190573
3.75180988486
3.74928594083
3.7467631292
3.74424698525
3.74174495474
3.73925729142
3.73678614125
3.73437101555
3.73194637857
3.72956420394
3.72716070649
3.72475378534
3.72237853268
3.72001002906
3.71763847249
3.71526449798
3.71289736866
3.71055142747
3.70821066544
3.70586170849
3.70353669542
3.70120405293
3.69887887121
3.69656239807
3.69425516293
3.69195492056
3.68966315827
3.68738857319
3.68513050247
3.68287691587
3.68063502822
3.67840739639
3.67621911294
3.67403066827
3.6718882585
3.66981022792
3.66773845223
3.66565818276
3.66354834242
3.66139645957
3.65924976373
3.65709769097
3.65495509072
3.65282184206
3.65069215524
3.64857247011
3.64645959733
3.64435670164
3.64225863524
3.64017233243
3.63809457447
3.63603352926
3.63396930755
3.63192276123
3.62988125479
3.62786044859
3.62584892302
3.62389473261
3.62210652807
3.62034464668
3.61844870993
3.6164886252
3.61451289843
3.61253374749
3.61056490256
3.60860648557
3.60665768863
3.60471428642
3.60277159836
3.60083861843
3.59891334234
3.59699282983
3.59507791161
3.59317061644
3.59127498399
3.58938220359
3.58749780096
3.58561575705
3.58374144034
3.58187310818
3.58001582638
3.5781663408
3.57631786878
3.57447737912
3.57265287519
3.57082744719
3.56901902242
3.56723840818
3.56546547194
3.56379312354
3.56214974748
3.56049501069
3.55879092677
3.55707079783
3.55534267074
3.55359701032
3.55185711233
3.55011264596
3.54837524703
3.54664168717
3.54491070243
3.54319414558
3.54149170908
3.53980484086
3.5381250259
3.53643619114
3.53475588411
3.53311585465
3.53145352592
3.52980063648
3.52814977368
3.52650857691
3.52486511088
3.5232169386
3.52157537699
3.51993894925
3.51833235967
3.51672413344
3.51511664308
3.51350344382
3.51189766456
3.51030244705
3.50872229372
3.5071467588
3.50557339675
3.50399658837
3.50242110636
3.50084929679
3.49928895399
3.49772682125
3.49616773259
3.4946148967
3.49307529915
3.49153520095
3.48999849119
3.48846879969
3.48694144569
3.48542024941
3.48392677319
3.48243846392
3.48098388881
3.47952828103
3.47807813406
3.47664170015
3.47517880116
3.47370889537
3.47224405257
3.47077630065
3.46931479019
3.46786630087
3.46642081531
3.46498814078
3.4635592201
3.46212975692
3.46071785047
3.45932910028
3.45793277836
3.45652852913
3.45511243304
3.45371080203
3.45230532319
3.45091215817
3.44951066451
3.44811266788
3.44671781475
3.44532977316
3.44394469062
3.44256615637
3.44119368778
3.43982274413
3.43846021545
3.43709393234
3.4357348606
3.43440142283
3.43309282745
3.43180427399
3.43058294132
3.42934997185
3.42804807295
3.42673917059
3.42542988133
3.42411457062
3.42279795417
3.42149957933
3.42019656633
3.41889457268
3.41760004234
3.41630760336
3.41502001994
3.41373815764
3.41246140645
3.4111814381
3.40990210834
3.40864793664
3.40740820989
3.4062198418
3.40499790265
3.40376379227
3.4025236621
3.40127346169
3.40002453726
3.39877758178
3.39753418672
3.39630076476
3.39506678926
3.39383445856
3.39260380554
3.39137776945
3.39015728245
3.38894191811
3.38772740065
3.3865164793
3.38530824547
3.38410312962
3.38290125024
3.38170435007
3.38051102697
3.3793199089
3.37813753961
3.37696384214
3.37580578088
3.37466165542
3.37354259791
3.37244077376
3.3713305819
3.37019991115
3.3690640101
3.36792230495
3.36678500223
3.36566391063
3.36453785577
3.36339839142
3.36226423939
3.36112907419
3.35999635282
3.35886718431
3.35774440313
3.35662023897
3.35549896971
3.35438375723
3.35327822086
3.35217594034
3.35107662837
3.34997676829
3.34888544971
3.34796597873
3.34694016356
3.34589096297
3.34481315934
3.34373863806
3.34267428462
3.34160494997
3.34053482038
3.33946570154
3.33839436762
3.33732529685
3.33625951387
3.33519657948
3.33413815833
3.33308101977
3.33203194566
3.33098629494
3.32993825303
3.32889617719
3.32787139704
3.32686346965
3.32585935644
3.32485762143
3.32383597847
3.32281491364
3.32180672233
3.32079922713
3.31979331577
3.31878793566
3.31778235362
3.31678190084
3.31577606012
3.31477412785
3.31377141438
3.31276998245
3.3117785255
3.31078772972
3.30979706868
3.30881015331
3.30784247618
3.30690513472
3.30593357124
3.30498029648
3.30401266058
3.30304433314
3.30207896932
3.3011306434
3.30018128209
3.29922550599
3.2982715369
3.29731798587
3.29637315354
3.29542956943
3.2944853882
3.29354318106
3.29260363329
3.29167158326
3.29074558589
3.28982170006
3.28892062977
3.28804768692
3.28717424511
3.28627768621
3.28536337557
3.28444423139
3.28352579397
3.28261055048
3.28169740142
3.28078531946
3.2798786581
3.27898674151
3.27809491421
3.27719695834
3.27630102828
3.27540656613
3.27452477205
3.27364904988
3.27276640685
3.27188987474
3.2710163157
3.27014521982
3.26929002763
3.26842310834
3.2675625742
3.26669438201
3.26582728229
3.26495791051
3.26408668472
3.26321707497
3.26234850663
3.26148291301
3.2606226134
3.25976410909
3.25890643114
3.25805010131
3.25719554327
3.25634359921
3.25549633851
3.25465919315
3.25383723199
3.25301205042
3.25219287541
3.25137751572
3.25056229439
3.24974204308
3.24892081186
3.24809427521
3.24726578388
3.24643815412
3.24561329391
3.24479180138
3.24397005117
3.24314908237
3.24232997839
3.24151265449
3.24069977319
3.23989026327
3.23908009917
3.2382742027
3.23747195084
3.2366822831
3.23593248152
3.23516905746
3.23442623756
3.23369422767
3.23292987718
3.23215092444
3.23136481406
3.23057636171
3.22979104315
3.22900633192
3.22822234161
3.22744039335
3.22665964371
3.22588178405
3.22510848855
3.22433669496
3.22356713398
3.22279874823
3.22204411915
3.22128585513
3.22052576241
3.21976819845
3.21902523813
3.21826740816
3.21750991492
3.216758866
3.21602262065
3.21529115626
3.21455974648
3.21382724191
3.21309226387
3.21236378913
3.21162540093
3.21088558524
3.21014520545
3.20940576047
3.20866745282
3.20793172104
3.20719702995
3.20647605201
3.20575945649
3.20505032311
3.20434669569
3.20364149461
3.20292951528
3.20221687303
3.20149903773
3.20078353281
3.20006618329
3.19935588192
3.19864584942
3.19793964055
3.19723508036
3.19653000229
3.19583282739
3.19513457186
3.19445448399
3.19376698863
3.19308732119
3.19239477259
3.19170839016
3.19101884689
3.19032874162
3.18964133107
3.18895404786
3.18827013194
3.18758224244
3.18689539722
3.18621489896
3.18554693262
3.1849031852
3.18423733832
3.18356716298
3.18289779833
3.18222437088
3.18155792587
3.18088998761
3.18022091546
3.17955541701
3.17888652905
3.17821925356
3.17755915685
3.17690106666
3.17624656534
3.17559769953
3.17494585077
3.17428940052
3.1736311053
3.17297436063
3.17231896435
3.17166523676
3.17101240636
3.17036159183
3.16971257133
3.16906430058
3.16841700871
3.16777154887
3.16712714004
3.1664839503
3.16584200474
3.16520133719
3.16456195006
3.16392394916
3.16328746616
3.16265232735
3.16201841992
3.16138579321
3.16075518874
3.16012882102
3.1595097972
3.15894698584
3.1583966406
3.15788729673
3.1573039444
3.15669967686
3.15608524416
3.15547257594
3.15486022365
3.15424865478
3.15363546623
3.15302402764
3.15241477486
3.15180686683
3.15120156799
3.15059870128
3.14999472633
3.14939077132
3.14878780846
3.1481859214
3.14758624256
3.14699021214
3.14639617832
3.14580402872
3.14520914537
3.1446164972
3.14402738216
3.14344874453
3.14286427808
3.14228046293
3.14169878363
3.14111394502
3.14053239886
3.13995917519
3.13938196732
3.13882285448
3.13827060958
3.13771343692
3.1371567639
3.1365929809
3.13602299961
3.13545368634
3.13488297776
3.1343118665
3.13374097204
3.13317109959
3.13260238409
3.13203454061
3.13147251817
3.13091075951
3.13035058974
3.12978871934
3.12922614385
3.1286641682
3.1281033504
3.12754360549
3.12698481067
3.12642719435
3.12587071259
3.12531614772
3.12476611548
3.12421527904
3.12367184612
3.12312983815
