24.1032588432
21.1192964737
19.9675536446
19.339987372
18.9300052908
18.6321790316
18.3964677446
18.1935472649
18.0083594081
17.8318879902
17.6685308327
17.496791634
17.3268428188
17.1492540666
16.962768556
16.7630320384
16.5340112867
16.2704020963
15.9796507347
15.6684096697
15.3392811974
15.002852145
14.6638183279
14.3272149843
13.9900996167
13.6580002165
13.3415669961
13.0248068014
12.7195370377
12.4249511059
12.1423077177
11.8656163598
11.5990280576
11.3436808864
11.0973596834
10.859889241
10.627056526
10.4048375138
10.1903629512
9.98230081043
9.78415878857
9.59130481204
9.40464034273
9.22571218043
9.05330785021
8.88454923834
8.72208151153
8.56482494749
8.41305435803
8.2666632444
8.12521470213
7.98762060041
7.85386398767
7.72556789016
7.60093271407
7.48029345725
7.36114276199
7.24670911816
7.13693496401
7.02974063199
6.92482495135
6.82491632387
6.72622621146
6.6299253317
6.53635321385
6.44528882076
6.35620060669
6.27012313932
6.18597757701
6.10455299454
6.02556631519
5.94928485108
5.87454738807
5.80132320209
5.72997065967
5.66029863501
5.59189228618
5.52601478921
5.46073524376
5.39727110576
5.33512355199
5.27468243422
5.21587175659
5.15845322018
5.10187727196
5.04618156726
4.9915726708
4.93852176018
4.88695527247
4.83686837008
4.78757178124
4.73909959936
4.69167409058
4.64517855932
4.59913051974
4.55461808245
4.51006142264
4.46665753435
4.4241123753
4.38255574012
4.3415284588
4.30098911765
4.26154159998
4.22319075314
4.18555550438
4.14783149943
4.11126853577
4.0752371044
4.03983798987
4.0050776499
3.97109301781
3.93814674824
3.90546062363
3.87309804749
3.84113549323
3.80976512947
3.77904010855
3.74910223667
3.71930948971
3.69024201066
3.66155727809
3.63303904258
3.60493460088
3.5775779513
3.55027404116
3.52340512485
3.49703689663
3.47160786582
3.44601482146
3.42109230287
3.39656876455
3.37224238655
3.34840235176
3.32441778235
3.30117678247
3.27805273093
3.25523973832
3.2329661942
3.2109389899
3.18928501585
3.16821440364
3.14698137344
3.12606223116
3.10533821664
3.08507966563
3.06529446721
3.04563126593
3.02610588429
3.00696447489
2.98786220559
2.96899509561
2.95032601432
2.93193020409
2.91385449235
2.89590430739
2.87817364296
2.86067485608
2.84329787497
2.82626128501
2.80982681154
2.79322447393
2.77695775013
2.7606674857
2.74466448326
2.72881191663
2.71325467567
2.69778247671
2.68273155234
2.66763663768
2.65277714117
2.63778985486
2.62305276704
2.60880924298
2.59444409452
2.58026038017
2.56625776126
2.55269571706
2.53908243902
2.52543300355
2.51215563277
2.49902134058
2.48580356261
2.47274569803
2.45977917983
2.44704185997
2.43451853071
2.4222304049
2.40988835034
2.39767560185
2.38578031929
2.37386713528
2.36201632938
2.35026656816
2.33871571554
2.32725496632
2.31617155835
2.30489963934
2.29384055393
2.28270982923
2.27176377306
2.26109402451
2.25046656626
2.23982201531
2.22933679837
2.21913217767
2.20882611714
2.19855213503
2.18860291985
2.17847825714
2.16848630893
2.15871968456
2.14906418396
2.13943466017
2.12987747156
2.12026295069
2.11092266003
2.10156997176
2.09245988377
2.08332400867
2.07424850604
2.06548408078
2.05661748941
2.04781229858
2.03901083087
2.03041733804
2.02175698267
2.01328014318
2.00491413873
1.99663607422
1.98827356504
1.97996973351
1.9717642854
1.96363385649
1.95548777985
1.94762214444
1.939694397
1.9317833033
1.92395236521
1.9162370917
1.90872732474
1.90113356802
1.89351694569
1.88603726948
1.87869507327
1.87139659532
1.86410297648
1.85701668785
1.84992593608
1.84283507623
1.83571592107
1.82867450047
1.82163978531
1.81467890189
1.80809857047
1.80130203543
1.79453564568
1.78787245307
1.78127194574
1.77475919615
1.76829114878
1.76181087274
1.75536869613
1.74888702763
1.74253265938
1.73624786283
1.72988612812
1.72368319359
1.71766403033
1.71153710222
1.70545593805
1.69943277599
1.69338194848
1.68740452177
1.6814731953
1.67564465128
1.66992382811
1.66421731113
1.658445199
1.65272415649
1.64703114963
1.64138516574
1.63582934756
1.63033618573
1.62488391403
1.61947532339
1.61399282305
1.60873706899
1.60339398226
1.59813825478
1.59284956338
1.58770405622
1.58251590121
1.57730636338
1.57211139469
1.5669619067
1.56191617119
1.55695847997
1.55191917948
1.54698122577
1.54197778753
1.53705002439
1.53218165821
1.52734558723
1.52254965513
1.51778281613
1.51307404419
1.50834981369
1.50360708396
1.49890797533
1.49424495131
1.4895655681
1.48499791069
1.48038518424
1.47595860412
1.47147738528
1.46697566508
1.46256253406
1.4580840336
1.45365316081
1.44931587909
1.44498593177
1.44069754766
1.43636985184
1.43209877105
1.42792480181
1.42380795654
1.41961625152
1.41543981153
1.41126900874
1.40714216208
1.4030578913
1.39907992722
1.39501520644
1.39100629543
1.38709992258
1.38320645747
1.37926879086
1.37533410765
1.3714935153
1.36764305109
1.36375724099
1.35992926135
1.35609640746
1.3523604906
1.34866248202
1.34500509653
1.34128713186
1.33752679521
1.33391393544
1.33024635747
1.32662265912
1.3230045538
1.31940302535
1.31587582929
1.31229337904
1.30878882418
1.30527000871
1.30175515047
1.29832515841
1.29489893873
1.29144977148
1.28802981502
1.28461562816
1.28121952818
1.27784526471
1.27448269942
1.2711529908
1.26780079266
1.26457076858
1.26131383502
1.25802500652
1.25479600982
1.25152718937
1.24829129357
1.24505840157
1.24186152575
1.23868485232
1.23551371685
1.23232602263
1.22924662987
1.22611894755
1.22305980598
1.21994363252
1.21696388982
1.2139599498
1.21093287253
1.20794068336
1.20496984531
1.20205508726
1.19914421729
1.19616528638
1.19328031013
1.19038472689
1.1874553314
1.18457044524
1.18167248294
1.17879657648
1.17592170887
1.17312746052
1.17027467736
1.16747004529
1.16470115594
1.16197356926
1.15918734195
1.15639776107
1.15371786787
1.1510215961
1.14843252135
1.14576638393
1.1430687305
1.14037995864
1.13773841484
1.13511268974
1.13243935951
1.12979868598
1.12718130856
1.12461578303
1.12199873983
1.11939738224
1.11681031192
1.11425179243
1.11169779205
1.10916330272
1.10662484149
1.10413344225
1.1016436901
1.09915309167
1.09672091871
1.09427377124
1.09188156015
1.08948323461
1.08705690269
1.08470804399
1.08234401891
1.07995699405
1.07760150048
1.07522600931
1.07284707218
1.07048447539
1.06817294872
1.0659178485
1.06359857176
1.06131625882
1.05900192381
1.05669256749
1.05444619746
1.05224907468
1.04999767951
1.0477320411
1.04545405219
1.04322422204
1.0409944593
1.03875580825
1.03654558494
1.0343305778
1.03217118869
1.03000326885
1.02783606233
1.02570015345
1.0235497947
1.02146748835
1.01936861249
1.01724317908
1.01511725912
1.01301271732
1.01094630022
1.008930356
1.00684077195
1.00477829685
1.00275973347
1.00072185821
0.998675312882
0.99667367013
0.994627193949
0.992629269129
0.99059300796
0.988583276671
0.986567863634
0.984606165364
0.982629399852
0.98066451338
0.978743682515
0.976869874104
0.974892506492
0.972947946645
0.970997972678
0.96906923593
0.967175341797
0.965282345134
0.963407923364
0.961499317863
0.959620960153
0.95773194171
0.955897068451
0.954017371291
0.952168832111
0.950290881024
0.948472073438
0.946628725526
0.944811821386
0.942981520385
0.941208856129
0.939392529275
0.937614543197
0.935807542534
0.934056851697
0.932267515616
0.930485793412
0.928758483116
0.927050178075
0.925292573943
0.923530822618
0.921771259805
0.920038678379
0.918304698066
0.916601249562
0.91489214151
0.913207131705
0.911498861095
0.909815646012
0.908116661781
0.906444404049
0.90481340589
0.903152659602
0.901501367836
0.899851240272
0.898203800762
0.896562643752
0.894916554668
0.893335366909
0.891733424182
0.890121020037
0.888559573688
0.887018311564
0.885436427255
0.883869361491
0.882277642177
0.880705886784
0.879147782238
0.877649894732
0.876084178137
0.874517812058
0.873086410083
0.871538549435
0.870016913254
0.868518410473
0.867020235706
0.865492348322
0.864021810735
0.86252418176
0.861030067669
0.859523248305
0.858027318432
0.856525469937
0.855064654814
0.853594300287
0.852167131376
0.85070028498
0.849280198703
0.847831798082
0.846352728874
0.844880269294
0.84342606008
0.841997919439
0.840556985425
0.83912836222
0.83768760703
0.836288442751
0.834880617125
0.833455288427
0.832041660809
0.830683760114
0.829317348334
0.827929612499
0.826540708298
0.825150656566
0.823831347229
0.822458203451
0.821120762877
0.819784162195
0.81841668586
0.817083616207
0.815766089005
0.814431054746
0.813085908478
0.811785829033
0.810477434081
0.809169226764
0.80786390734
0.806539842437
0.805215144917
0.803901481551
0.802602790507
0.801289072184
0.799961988273
0.798675345284
0.797417801845
0.796141411066
0.794880907354
0.793608816717
0.792337575948
0.791063414358
0.789809876585
0.788575606801
0.787329033306
0.786105007977
0.784875513219
0.783644721797
0.782415884689
0.781186218493
0.779931045965
0.778707309544
0.777500823753
0.776282679165
0.775056805914
0.773840369919
0.772626195695
0.771431784966
0.770222832102
0.769017862506
0.767816700554
0.766657354298
0.765490313476
0.764309647227
0.76313071113
0.761974378883
0.76078741893
0.759615309572
0.758449360433
0.757272993186
0.756098425763
0.754948442794
0.753788635715
0.752677196344
0.751552811571
0.750402361102
0.749277600785
0.748137196486
0.746993315109
0.745886178424
0.744752534197
0.743658640783
0.742518737833
0.741397592046
0.740268260571
0.73917058226
0.738085699175
0.736970503128
0.735883523543
0.734781927202
0.733679879727
0.732594206382
0.731501979474
0.730436841612
0.729370578896
0.728306673396
0.727212690146
0.726154243554
0.725098344047
0.724058615816
0.723004692732
0.721948823712
0.720904407736
0.719864381734
0.718810943129
0.717765119564
0.716735523873
0.715688601258
0.714658110103
0.713643292693
0.712677677142
0.711661065058
0.710639900546
0.709645944042
0.708626232002
0.707608980967
0.70662809812
0.705640055471
0.704634449632
0.703628862009
0.70265424915
0.701647247837
0.700676271807
0.699684830641
0.698694720009
0.697707161338
0.696724339306
0.695737276553
0.69475769208
0.69377789921
0.692820410928
0.691849052939
0.690889013579
0.689973397877
0.689036378878
0.688089824512
0.687142676961
0.68618282689
0.685248398041
0.684303343678
0.683360025738
0.682413690709
0.681467223755
0.680529524197
0.679618471621
0.678678556775
0.677751420889
0.676821919722
0.675881485111
0.674958551326
0.674046639643
0.673119694348
0.672207023793
0.671321573478
0.670404939622
0.669501840308
0.668603312877
0.667718987064
0.666895549429
0.665993394621
0.665138701946
0.664242904016
0.663346430671
0.662522075651
0.661650094608
0.660762749659
0.659897056622
0.65901611594
0.658135239911
0.657287903254
0.656419055604
0.655616434288
0.654764407627
0.653916589219
0.653051379536
0.652204856821
0.651374839246
0.650540712519
0.649703209851
0.648864914215
0.648019196389
0.647209499051
0.646399641667
0.645562513266
0.644764757347
0.643944974826
0.643118016619
0.642291388394
0.641467461843
0.640639505668
0.639826270867
0.639000044129
0.638180492272
0.637351946512
0.636534920203
0.635756696904
0.63496686963
0.634151303797
0.633342290232
0.632528002
0.631729051342
0.630962386402
0.630146716177
0.629344912461
0.628541456709
0.627769208102
0.626967672346
0.62617299232
0.625374657563
0.624594569815
0.623819496539
0.623025539235
0.622245693336
0.621473068707
0.620695493909
0.619906337109
0.619168069109
0.618412877734
0.617645165248
0.616873785224
0.616106343086
0.615335611222
0.614561124167
0.613807798168
0.613050446397
0.612292760228
0.611532463838
0.610776501554
0.610027808275
0.609298280316
0.608551890149
0.607814058323
0.607070377999
0.606327941773
0.605578733957
0.604838860465
0.604109832557
0.603373083475
0.602639969941
0.601933332477
0.601200253833
0.600482474156
0.599775251973
0.599045203387
0.598323420299
0.597608908804
0.596903789177
0.596183261933
0.595468480065
0.594773981353
0.594060711912
0.593370268216
0.592709057122
0.592002976463
0.59130179874
0.590590106123
0.589929931827
0.589230437593
0.588539713504
0.58783760357
0.587161212918
0.586468838854
0.585799800666
0.585102570855
0.584401646991
0.583733592354
0.583065125607
0.582379854448
0.581690321952
0.581004719429
0.580331285415
0.579654608527
0.578975831781
0.578291830217
0.577621137166
0.576973600622
0.576313047692
0.575644995149
0.574973847387
0.574303132414
0.573631437764
0.572972585433
0.572327799814
0.571697188707
0.571039376805
0.570382023231
0.569729203508
0.569078250651
0.568456378754
0.567814625453
0.567163576643
0.566512230719
0.565858916955
0.565228085375
0.56457816298
0.563964645463
0.563322434537
0.562704944044
0.562094500668
0.561465041367
0.560825726797
0.560202601869
0.559578872429
0.558948978403
0.558315511761
0.55768899396
0.557070977004
0.55644437661
0.555826441421
0.555211466656
0.554614052786
0.553994580493
0.553369727833
0.552763425959
0.552151048532
0.551549539286
0.55093155855
0.550317356475
0.549715662993
0.549111807974
0.54850345311
0.547898229578
0.547301459703
0.546702845534
0.546114513848
0.545524900898
0.544923809164
0.544347463478
0.543756817474
0.543158317073
0.542556383067
0.541965572822
0.541365673597
0.540782137508
0.540190034244
0.539604542023
0.539035491038
0.538458916939
0.537880669074
0.537305485995
0.536731062596
0.536151651669
0.535591149641
0.535011175224
0.534429212344
0.533863886488
0.53329000618
0.532708977495
0.532141260583
0.531582152488
0.531010145225
0.530475898035
0.529909714295
0.529345275716
0.528793026809
0.528229840221
0.527678769023
0.527143996673
0.526595232188
0.526064571317
0.525507491413
0.524948226255
0.524403886157
0.523846961002
0.523306988461
0.522752779436
0.522199004162
0.521661985675
0.521112833286
0.520579719204
0.520056154446
0.519562039348
0.519033838968
0.51851447317
0.51797027999
0.517431432985
0.516906692718
0.516377174191
0.515844703614
0.51532417336
0.514800848131
0.514260200745
0.51373087966
0.513209743912
0.512681767687
0.512155262604
0.511624279093
0.51112765016
0.510603404972
0.510082104434
0.509558944703
0.509081161999
0.508569224562
0.508057702362
0.507543325342
0.507027048929
0.506511095891
0.505999729676
0.505491695814
0.504992153392
0.50450705007
0.503997877005
0.503497935045
0.502982046412
0.502470097991
0.501959985821
0.501458463205
0.500953601006
0.500455148923
0.499947423859
0.49944383437
0.49894651347
0.498444221716
0.497939502487
0.497455033433
0.496963811863
0.496463541
0.495963676017
0.495470195551
0.49497011453
0.494476776024
0.49398181564
0.493491396334
0.493004751601
0.492517073072
0.492042386512
0.491562756536
0.491087043059
0.490625590241
0.490135465891
0.489647769952
0.489180088482
0.488703089643
0.488217954845
0.487749218478
0.487272243817
0.4867962822
0.486317873375
0.485842469938
0.48536791083
