27.6586185339
23.4195653811
21.8547691133
20.9783931779
20.3695395501
19.9020733005
19.5408099174
19.2532047414
19.015157871
18.8110163061
18.6335828197
18.4657116437
18.3121650603
18.1596058067
18.0116094662
17.8663974896
17.7185629986
17.570201084
17.4228356344
17.272330356
17.1169190705
16.9557204644
16.7884827014
16.6161977994
16.4320493282
16.2393407261
16.0400657341
15.8340724588
15.6233889
15.4115311595
15.1970637264
14.9819951897
14.7680460323
14.5565302638
14.3384987474
14.1225052144
13.9084743761
13.6996566298
13.4951660908
13.2949019133
13.0972951263
12.9060611131
12.7169922186
12.5332795191
12.3515511889
12.1744003585
12.0030147517
11.8346576526
11.6687828747
11.5079681692
11.3506386449
11.1984519683
11.0489519797
10.9026563889
10.758588255
10.6189592288
10.4812989691
10.349504554
10.2210769924
10.0957343382
9.97332226859
9.85271189429
9.73557323716
9.62060262561
9.5086982072
9.39982331516
9.29357618363
9.1892407719
9.08782332726
8.98851558899
8.89187189567
8.79771025367
8.70582189604
8.61531085189
8.52684437326
8.44143369456
8.3564615892
8.27445673242
8.19384401861
8.11500362948
8.03736559436
7.9621095912
7.88926850544
7.81785589525
7.74684397373
7.67832025992
7.61048422546
7.54469379564
7.4792651636
7.41529616447
7.35351280114
7.29225245343
7.23229435526
7.17297367799
7.11527246434
7.05866880618
7.0030412335
6.94848702064
6.89551614021
6.8430097597
6.79156609615
6.74133545803
6.69123879974
6.64233737504
6.59430112213
6.54744127469
6.50136788614
6.45576991967
6.41100373924
6.36709649667
6.32369474932
6.28125112503
6.2394856737
6.19874230144
6.15881793899
6.11913616664
6.07998615517
6.04199622455
6.00435116072
5.96746025761
5.93067673082
5.89492949852
5.85928408035
5.82418913354
5.78983194143
5.75605354452
5.72250668108
5.6893402523
5.65693375323
5.62526757256
5.59366604698
5.56293547794
5.53235874458
5.50228796797
5.47273505973
5.44349317308
5.41469426399
5.38612283953
5.35806091243
5.33049705066
5.3034294483
5.27678146331
5.25023400783
5.22398775301
5.19829999365
5.17277127072
5.1475649246
5.12295787104
5.09854125027
5.07431376514
5.05062802807
5.02711482434
5.00421827011
4.98112429886
4.95837580283
4.93586707727
4.91374020674
4.8918459994
4.87018434221
4.84881699801
4.82765834196
4.8067821193
4.78593277975
4.76539536862
4.74535026667
4.72534210907
4.7057306551
4.68633956594
4.66708154631
4.64806675758
4.62925077208
4.61070236506
4.59264911363
4.57457239454
4.55672743639
4.53908062152
4.52172385494
4.50455276316
4.48747381369
4.47056758563
4.45373471215
4.4370670555
4.42096011233
4.40465123139
4.38875810567
4.37272705722
4.35694708573
4.341453357
4.32600227488
4.31080271135
4.29566123669
4.28072255416
4.26610223504
4.25143722328
4.23689720894
4.22258324316
4.2084480115
4.19431507208
4.18041859742
4.16673602837
4.15306661051
4.13951380346
4.1260843975
4.11294246639
4.10002291897
4.08707467968
4.07411117228
4.06130508459
4.04860158628
4.03612855974
4.02362058401
4.01127257048
3.99913586479
3.98698052868
3.97503929402
3.96311849545
3.95142550025
3.93966176643
3.92809568354
3.91660278783
3.9053088664
3.8940526692
3.8828299192
3.87172154948
3.8607278965
3.84988165963
3.83914273711
3.82846053144
3.81784995041
3.80743119048
3.79707806725
3.78695171939
3.77674687288
3.76647227486
3.7563978259
3.74644599962
3.73656812885
3.72681479522
3.71708143021
3.7075549274
3.69807777182
3.68864264707
3.67925080507
3.66983714492
3.66049855028
3.65134413903
3.64221600907
3.633161975
3.62415106971
3.61516375657
3.60626838786
3.59760364479
3.58897051427
3.5803764141
3.5718663169
3.56342371792
3.55498430402
3.54673835055
3.5383693109
3.53007955079
3.52190055388
3.51385755779
3.50576223856
3.49780545148
3.48985978132
3.48202390083
3.47414465748
3.46631300855
3.45860610774
3.45094115691
3.4435051976
3.4359356023
3.42851928657
3.42108944456
3.41371660392
3.40633528695
3.39906345227
3.39182338288
3.38462579157
3.37745987755
3.37039254271
3.36332131707
3.35632139763
3.34936199275
3.34249384597
3.33570396374
3.32886843272
3.32207604109
3.31538362372
3.30872219454
3.30203174585
3.29536939082
3.28885681026
3.28234122565
3.27588916808
3.2694606373
3.26309918297
3.25672754377
3.25045502414
3.24418896669
3.23796460739
3.23184641953
3.225750644
3.21968592879
3.21372005692
3.20769543792
3.20182480345
3.19591422131
3.19007095628
3.18425783054
3.17856660519
3.17285731608
3.16712036783
3.16142821204
3.15571500033
3.15004512205
3.14444824092
3.13889788692
3.13345186541
3.12796920442
3.12254727789
3.11709767156
3.1116983495
3.1063856191
3.10104993381
3.09583557619
3.09064816159
3.08534057728
3.08012958318
3.07497394554
3.06985096743
3.06473110356
3.05966387187
3.05460836826
3.04961817649
3.04466597219
3.03966163068
3.03472119101
3.02978608539
3.02495250128
3.02011597989
3.01534565418
3.01053052639
3.00577777005
3.00102246141
2.99626569491
2.99157499327
2.98691724072
2.98230893721
2.97771970436
2.97318368917
2.96864348296
2.96414323206
2.95964019003
2.95517114777
2.95069814794
2.94633298257
2.94196110771
2.93757984481
2.93322232902
2.92891768531
2.92462484917
2.92039077701
2.91610835052
2.91185624091
2.9076244964
2.90341980157
2.89926483508
2.89518804397
2.89104771607
2.88696750181
2.88286740954
2.87876872977
2.87471347329
2.87067393775
2.86667510108
2.86270754887
2.85873305154
2.85474630851
2.8507955891
2.84689439333
2.84299512319
2.83911044885
2.83525026342
2.83144493259
2.82765416701
2.82394039056
2.82016338567
2.81640044241
2.81264245599
2.80899186665
2.80533721243
2.80167477844
2.79806553995
2.79441835593
2.79080278681
2.78719416076
2.78364256651
2.78008366122
2.77656271197
2.77306019573
2.7695444117
2.76608691435
2.76261419983
2.75915116817
2.75574753525
2.7523042945
2.7488931564
2.74551409106
2.74215091181
2.73877441501
2.73541845612
2.73210556807
2.72878249409
2.72547221479
2.7222305515
2.71904276068
2.71579889941
2.71266436781
2.70948269029
2.70628979832
2.70311580345
2.69994986915
2.69679035415
2.69373650763
2.69063048791
2.68750810507
2.68443200598
2.68133992552
2.67826203918
2.67519830751
2.67212918027
2.6690870029
2.66606246192
2.66305137149
2.66008345472
2.65708680893
2.65412491893
2.65117938592
2.64826014092
2.64533317318
2.64243218138
2.63952418939
2.63667314648
2.63382388566
2.63098153567
2.62813037946
2.62529227825
2.62247325184
2.61971730713
2.61691020852
2.61412434935
2.6113324205
2.60855878669
2.60578850404
2.60302863276
2.60031259141
2.59762012833
2.5949169418
2.59227195517
2.58962076859
2.58692302653
2.58426254
2.58159823402
2.57893375058
2.57632174927
2.57372043299
2.57110168023
2.56851698593
2.56593327044
2.5634261778
2.56086671692
2.55839395871
2.55592221847
2.5534042032
2.55085231235
2.54837742666
2.54591506046
2.54341432077
2.54093730372
2.53848657971
2.53604904021
2.53361774421
2.53117250164
2.52873999714
2.52630251328
2.52390728854
2.52149517429
2.51908266915
2.51668178497
2.51431657829
2.51193917628
2.50957992922
2.50724926658
2.50491937418
2.50261911933
2.50034090264
2.49801047462
2.49571370353
2.49343788205
2.49114199566
2.4888917286
2.48667568862
2.48444170647
2.48219077214
2.47996045485
2.47775544438
2.4755303011
2.47332378553
2.47111334545
2.46892693415
2.46674769119
2.46459257683
2.46242902557
2.46025098478
2.45811615688
2.45598751213
2.45384444487
2.45169488445
2.44956185456
2.44744895662
2.44533680144
2.44325862479
2.44118508815
2.43910577769
2.43702221664
2.43498015228
2.43291227446
2.43088494424
2.42886008937
2.42685180258
2.42482109062
2.42280506067
2.42081801739
2.41883786141
2.41683674511
2.41486384568
2.41287140569
2.4108889009
2.40894649257
2.40700684362
2.40506776017
2.40314134914
2.40119910529
2.39926493119
2.39733725289
2.3954058733
2.39351400057
2.39165376771
2.38979163767
2.38792636608
2.38605183059
2.38417869541
2.38231853556
2.38046723262
2.37867011167
2.37680692202
2.37495385937
2.37313037225
2.37130743315
2.3694738149
2.36765483381
2.36583112607
2.36402505918
2.36222124872
2.36042906081
2.35867215273
2.35688596744
2.35511726906
2.35335580776
2.35164681435
2.34991020192
2.3481593595
2.34642126393
2.34466486468
2.34294235726
2.3412268145
2.33953802876
2.33780742084
2.33610169753
2.33442124128
2.33274036432
2.3310815201
2.32937575748
2.32767286911
2.32599001583
2.32431682135
2.32264380937
2.32097205377
2.31937214115
2.31773137511
2.31607713704
2.31443428717
2.3127952767
2.31116348464
2.30954731181
2.30794116708
2.30632760094
2.30474491938
2.30313823328
2.30153957358
2.29993412355
2.29835861708
2.29677684321
2.29519887244
2.29361883855
2.29205433509
2.290539829
2.28898658511
2.28743914079
2.28591663628
2.28439076178
2.28288950972
2.28138699931
2.27987576354
2.27835059877
2.27682885125
2.27531425183
2.27382394227
2.2723196635
2.27081672013
2.2693315883
2.26788241124
2.26639725846
2.26492839889
2.2634485521
2.26197553886
2.2605046833
2.25904367159
2.25759602613
2.25615166706
2.25469666081
2.25325788921
2.25183079438
2.25039226131
2.24898221045
2.24756056834
2.24614789865
2.24473147274
2.24332871023
2.24194052749
2.24054804408
2.23915699066
2.23776885563
2.23637833567
2.23498939724
2.23361166162
2.23225276655
2.23088572271
2.22951820001
2.22817212431
2.22682827913
2.22549480839
2.22413980355
2.22279261915
2.2214449098
2.22010693986
2.21879873542
2.21749883571
2.21617233987
2.21484903566
2.21352955299
2.21221182539
2.21090301744
2.20959591342
2.20828505086
2.20697115441
2.20567174093
2.20441784684
2.20313695614
2.20185193247
2.2005633619
2.19930678874
2.19803314589
2.19676117783
2.19549071533
2.19421798946
2.19295355065
2.1917017808
2.19046136342
2.18924048245
2.18799456892
2.18675833631
2.18551266006
2.18428900319
2.18307142048
2.18184216252
2.18062950992
2.17941481002
2.17821658173
2.17701898073
2.17582666279
2.17461274349
2.17341032825
2.17220920559
2.17102930592
2.16983709323
2.16866818872
2.16749744748
2.1663241341
2.16515332858
2.16399060931
2.16282071184
2.16167331624
2.16051014158
2.15933573498
2.15819466425
2.15703722745
2.15591903228
2.15478002654
2.15362711233
2.15248025915
2.15133291971
2.15020220836
2.14907522251
2.14795551785
2.14682702762
2.14571412273
2.14459075444
2.14347962018
2.14236708435
2.14123996679
2.14012931773
2.13901842164
2.13790743281
2.13680039477
2.13573074313
2.13462705624
2.13353341713
2.13244176605
2.13135903495
2.13028669675
2.12920965407
2.12816735406
2.12709536582
2.12603495316
2.12497629087
2.12393613104
2.12287528538
2.12181610937
2.12075216381
2.11968864278
2.11864944449
2.11761993409
2.11658321805
2.11554301506
2.11449605482
2.11347390491
2.11245012219
2.11143356216
2.11040143266
2.10938072054
2.10835241979
2.10733797607
2.10634436752
2.1053321091
2.10431933973
2.10331904388
2.10230884494
2.10130030598
2.10028593024
2.09928839631
2.09828956503
2.09728900211
2.09629669403
2.09529803396
2.09430954702
2.09333073201
2.0923428228
2.09135771682
2.09040669072
2.08944029233
2.08846446071
2.08749836976
2.08653241116
2.08557162005
2.08462242072
2.08365636217
2.08269078167
2.08173517584
2.08079551159
2.07986560608
2.07891984272
2.07797753509
2.07702867835
2.07608451351
2.07515450443
2.07421145628
2.0733000646
2.07238124983
2.07145928528
2.07054225202
2.06961644553
2.06870330479
2.06779677269
2.06687353451
2.06596250826
2.06505225087
2.06413886971
2.06323961454
2.06233270277
2.06142916674
2.06052553172
2.05962331234
2.05875843387
2.0578654225
2.05696872008
2.05607544328
2.05518619293
2.05430751133
2.05343708325
2.05255587427
2.05168031097
2.0508085475
2.04993215757
2.04906711692
2.04819576217
2.0473222869
2.04644881336
2.04558561584
2.04471194731
2.04385169021
2.04298084125
2.04213555703
2.04129269829
2.04043960105
2.03960580891
2.03875768326
2.03793575434
2.03709271344
2.0362643851
2.03543454487
2.03460817649
2.03377493935
2.0329520808
2.03211882206
2.03129039965
2.03049783167
2.02967936481
2.02884730495
2.02803231694
2.0272173542
2.02641061426
2.02560403529
2.024787752
2.0239805988
2.02318447927
2.0223864142
2.02157972936
2.02077462422
2.01997151584
2.01916732154
2.01835851026
2.01758288658
2.0167899658
2.01600527611
2.01521040992
2.01441406729
2.01362079766
2.01285603257
2.01206915133
2.0112923777
2.01051228914
2.00973682422
2.00896305246
2.00818965735
2.0074214459
2.00666045556
2.00588577501
2.00512186388
2.0043568505
2.00359752094
2.00283675746
2.0020710539
2.00131131423
2.0005792912
1.99982836903
1.99907489834
1.9983329681
1.99757608588
1.99682210095
1.99608472033
1.99534445117
1.99459772775
1.99384636221
1.99311909657
1.99237715762
1.99163762654
1.99089059301
1.9901521507
1.98940569981
1.98866875395
1.98794015555
1.98721873702
1.9864846959
1.98576251029
1.98504744431
1.98433813548
1.98362032497
1.98292069634
1.98221445694
1.98149635907
1.98077945627
1.98006926333
1.97937101639
1.9786627998
1.9779726557
1.97727073088
1.9765677853
1.97586490395
1.97515646572
1.97444977166
1.97376769023
1.97306823941
1.97237246
1.97168428286
1.97099272134
1.97030616305
1.96961981325
1.96892301734
1.96825027344
1.96757205759
1.96688282093
1.96620692908
1.96552548047
1.9648554216
1.96418225372
1.96350058847
1.96282212615
1.96214271053
1.96146728353
1.96081103067
1.96013578358
1.95947163886
1.95880884279
1.95814819905
1.95747768263
1.95681883116
1.95617175289
1.95551575981
1.9548563591
1.95419237151
1.95353432485
1.95288425329
1.95223182806
1.95157715809
1.95093069674
1.9502764734
1.94962941196
1.94898010876
1.94832835229
1.94768177173
1.94704771322
1.94639760562
1.94575492205
1.94511923436
1.94448777008
1.9438479879
1.9432098953
1.94258529992
1.94195659638
1.94132875848
1.94070525287
1.94007374681
1.93944895187
1.93882610718
1.93820567429
1.93757768409
1.93695116338
1.93634506102
1.93572247078
1.93509941527
1.93447838436
1.93385855551
1.93324158758
1.93262399204
1.9320328749
1.93142219411
1.93082320704
1.93021842909
1.92961030868
1.92900296728
1.92839443851
1.92778449982
1.92718667769
1.92658927394
1.9260062558
1.92542093278
1.9248266238
1.92424726556
1.92365618139
1.92306020171
1.92246547353
1.92187477748
1.92128533746
1.92068933819
1.92009745864
1.91951094377
1.91893834663
1.91835779036
