26.0562420777
22.2446240076
20.7908249462
19.9918782169
19.4711302143
19.0820974568
18.7841954925
18.5479292947
18.3585624897
18.1832548049
18.0224583989
17.8648282209
17.7094574705
17.5513985652
17.400477757
17.242477618
17.0761618701
16.8965603172
16.7019275853
16.4916115493
16.2678368686
16.017004565
15.7432656575
15.4648704703
15.180830087
14.8915538127
14.6038887157
14.3240009076
14.0447823233
13.7691016596
13.4977841523
13.2321173748
12.9728401606
12.7186441888
12.4703651894
12.2346458649
12.0018167718
11.7773110495
11.557652827
11.34691259
11.1401455028
10.9384580161
10.7444140948
10.5536695487
10.3701591134
10.1914198918
10.0178442713
9.84911414099
9.68478357018
9.52618451244
9.37061820054
9.22078554958
9.07690161603
8.93530775328
8.79774199812
8.66465691669
8.53490468208
8.40764416374
8.28381095734
8.16381959915
8.04763542987
7.93511824466
7.82457647692
7.71814632556
7.61304592789
7.5110414626
7.41212478179
7.31458315905
7.22018369621
7.12839552169
7.0381063292
6.95004267462
6.86445101564
6.77964480337
6.69796834889
6.61760885648
6.53903126174
6.46206478364
6.38777101475
6.31543735723
6.24491117482
6.17502596525
6.10706578653
6.04009305251
5.97420432228
5.90993760299
5.84739042632
5.78558284863
5.72541059732
5.66682049561
5.60898415247
5.55270042703
5.49720896222
5.44299424986
5.389651424
5.33725877888
5.28671153517
5.23645474554
5.1867107527
5.13869939111
5.0912014031
5.04488564396
4.99897529699
4.95440674355
4.90993332006
4.86642645404
4.82384389373
4.78200968809
4.74118323337
4.70092021866
4.66168437894
4.62257422767
4.58432860851
4.54640472128
4.50956161757
4.47291605058
4.43710244066
4.40201942377
4.36741568449
4.33348387065
4.30004065504
4.266931052
4.23446134955
4.20241891025
4.17092231896
4.13985172897
4.10927264236
4.07890614458
4.04955789967
4.020345606
3.99148163565
3.96311173449
3.93515465448
3.90741059043
3.87997399023
3.85351830963
3.82709656574
3.8009683156
3.77532435169
3.74983868837
3.72498669094
3.70009027943
3.67581046629
3.65181940839
3.62818856638
3.60465901157
3.58156148255
3.55871216438
3.53636540576
3.51391820129
3.49205623283
3.47045036983
3.44911413814
3.42781100893
3.40694349971
3.38616397642
3.36606966712
3.34601815166
3.32605771548
3.30652215411
3.28693641576
3.26802692894
3.24917912301
3.23043521583
3.21224961143
3.19375318534
3.17583581414
3.15797474857
3.14054165791
3.1232258258
3.10605895271
3.08927372129
3.07249552198
3.0558673839
3.03936252016
3.02315157794
3.00711416123
2.99128706707
2.97542927195
2.95978965547
2.9442803204
2.9290361999
2.91388471663
2.89910985788
2.88427095593
2.86953203288
2.85507454646
2.84079840362
2.82683341238
2.81281813042
2.79894697141
2.78528962005
2.77177607551
2.75832148646
2.74512209449
2.73198527072
2.7187441044
2.70578726237
2.69316247992
2.68042175885
2.66788063195
2.65540679872
2.64302987257
2.63080637343
2.61874546466
2.60670070976
2.59479329512
2.58292665151
2.5713139181
2.55983603937
2.54842151587
2.53710334695
2.52599395766
2.51485475251
2.50381996072
2.49283975092
2.48190238037
2.47116276094
2.46050547018
2.44988061204
2.43945144603
2.42908909533
2.41880383443
2.40874985326
2.3985805474
2.38858665285
2.37861761411
2.36883164197
2.35907431688
2.34935280937
2.33981045601
2.3302749263
2.32080181611
2.31156731966
2.30237100009
2.29324503268
2.28399746412
2.2749947188
2.26603228888
2.25708091631
2.24836870671
2.23956503309
2.23106098158
2.2224301555
2.21384346058
2.20537514546
2.19700998627
2.18864132589
2.18033266017
2.17230621857
2.16411030911
2.15621619747
2.14828579554
2.14035761731
2.13245604925
2.12479110333
2.11704279283
2.10926818674
2.10163091903
2.093982994
2.08648979499
2.07905194118
2.07164267893
2.06427616056
2.05697415271
2.04976792559
2.04259697824
2.03551046169
2.02836445629
2.02126706119
2.01432921621
2.00732494197
2.00045660586
1.9936364869
1.98689084741
1.98013212878
1.97340446593
1.96686875436
1.96020649084
1.95358019544
1.94702833557
1.94050497247
1.93403271843
1.92771483473
1.92137697686
1.9151294422
1.90901280533
1.90278515514
1.89663038788
1.89049901813
1.88437083212
1.87832114586
1.87228478226
1.86636407181
1.86049110702
1.8545967321
1.84877487583
1.84291179862
1.83711180061
1.83140937393
1.82575599352
1.82005054066
1.81435080163
1.80870142947
1.80324843111
1.7977470735
1.79226343434
1.78686517189
1.78147998174
1.7761116537
1.77073360689
1.7653942797
1.76009959927
1.75484875794
1.74963008266
1.74444363874
1.73935190239
1.73428178031
1.72921058292
1.72417453894
1.7191748981
1.71410877197
1.70915670248
1.70428729431
1.69933046259
1.69442025339
1.68952391287
1.68473013249
1.67994705015
1.67521546426
1.67052499123
1.66575026616
1.66104199436
1.65641145002
1.65181143371
1.64718456814
1.6426842784
1.63810919406
1.63360629007
1.62914325567
1.6246818132
1.62022780364
1.61579879879
1.61141285046
1.60701969084
1.60264232813
1.59829604867
1.59399330637
1.58970613423
1.58543132632
1.58116067415
1.57698657922
1.57282947121
1.56871488176
1.56466278385
1.56055362783
1.55648628554
1.55239352823
1.54831414212
1.54431951933
1.54031533306
1.53635007909
1.53237217246
1.52840946643
1.52450110442
1.5205631514
1.51669530378
1.51284726441
1.50902420251
1.50525018627
1.50150974066
1.49771111202
1.49395224485
1.49026078797
1.48654917938
1.48282750426
1.47912025758
1.47547801814
1.47186891963
1.46828231945
1.46472336504
1.46116335349
1.45766661893
1.45412531069
1.4506483258
1.44714417049
1.44361712298
1.44015158389
1.4367122729
1.43326568096
1.42982108328
1.42642417867
1.42300370856
1.41963097631
1.41628514238
1.41299186586
1.40966563915
1.40634101382
1.40303809651
1.3997796062
1.396541904
1.39334953568
1.39012441241
1.38689640292
1.38366545136
1.38048487035
1.37733395098
1.37416830479
1.37102854006
1.36788208135
1.36482759579
1.36174635528
1.3586763193
1.35560491519
1.35256444041
1.34950467119
1.34648793812
1.34351788972
1.34056731892
1.33756082615
1.33458196539
1.33165852126
1.32874974542
1.32578755688
1.32286479339
1.31995842625
1.31707748686
1.31419300406
1.311337624
1.30849583245
1.30570762288
1.30289245698
1.30008160273
1.29737780463
1.29472283542
1.29198986364
1.28923666066
1.28657731013
1.28385130288
1.28116149661
1.27850266983
1.27580779917
1.27312021562
1.27048419661
1.267842516
1.2651934348
1.26253938067
1.25993358142
1.25731804011
1.25473474689
1.2521541287
1.24960490672
1.24699794127
1.24448790936
1.24195301371
1.23940198806
1.23687147503
1.23431580043
1.23180986194
1.22934615721
1.22685249534
1.22441640064
1.22195468347
1.21949573943
1.21706007812
1.21465990656
1.21223836694
1.2098500128
1.20749085641
1.20510842308
1.20272868888
1.20036448045
1.19803595288
1.19571543415
1.19337319746
1.19107956173
1.18878381375
1.18647627848
1.1841556617
1.18191482811
1.17964627659
1.17737372332
1.17509724404
1.17285939502
1.17062822855
1.16839846124
1.16614732571
1.16395288639
1.16175182276
1.15959771686
1.15740619379
1.15522458344
1.15305748616
1.15088346486
1.14874502655
1.1466059907
1.14445458086
1.1423362083
1.14018876117
1.13805691785
1.13594608439
1.13385379182
1.13175171576
1.12970231794
1.12763644666
1.12556206906
1.12350203572
1.12146019911
1.11942298199
1.11738335224
1.11536774823
1.11335993975
1.1113634692
1.10934406044
1.10737380749
1.10540940232
1.10346036342
1.10152057912
1.09954168596
1.09758231245
1.09564133532
1.09367264592
1.09175479164
1.08980907965
1.08787143824
1.08598328646
1.08409314013
1.08217391069
1.08029890058
1.07843345801
1.07657962234
1.0747049841
1.07284674887
1.0709892915
1.06913170915
1.06729128056
1.06545609808
1.06363943018
1.06184494288
1.06002407485
1.05822949873
1.05641857384
1.05468057239
1.05289653435
1.05112442791
1.04934612747
1.04756715441
1.04580501889
1.04404696875
1.04229510299
1.04053485916
1.0387850566
1.03706021294
1.0353253515
1.03359925572
1.03190247411
1.03018768768
1.02850017871
1.02679427401
1.02510111912
1.02341276963
1.02172815002
1.02005605749
1.01841346789
1.0167370455
1.01507273869
1.0134249158
1.01177434191
1.01010130131
1.00846124475
1.00683106373
1.00519519846
1.00360556604
1.00198699964
1.00038991314
0.99879000402
0.997217519168
0.995615422152
0.994025590246
0.992444089151
0.990875650633
0.989299768123
0.987756354552
0.986179516068
0.984618694832
0.983061669611
0.981554762308
0.979988088416
0.978483868027
0.976951572646
0.975429419391
0.973961746205
0.972483827459
0.97098393783
0.969475328399
0.967976925992
0.966468885947
0.964973049363
0.963478133328
0.961998220181
0.960523944973
0.959038445045
0.957560974721
0.956076850238
0.954602236718
0.953158396134
0.951705941886
0.950260586152
0.948850157948
0.947444758077
0.946001640657
0.944601288343
0.943254694376
0.941827405375
0.940412188618
0.939006010019
0.937621735732
0.936230154688
0.934850012364
0.933463583194
0.932072542563
0.930704951229
0.929314641857
0.927928249906
0.926563120964
0.925213298293
0.923865990342
0.922523334543
0.921164008445
0.919802227248
0.918473083822
0.917130469403
0.915814046912
0.914494924288
0.913155878159
0.911819550912
0.910494296604
0.909205459239
0.907931486375
0.906633740517
0.905346469345
0.904046294972
0.902763860328
0.901507175974
0.900204756183
0.898924624477
0.897651935879
0.896370730174
0.895110923277
0.893846001947
0.892584887572
0.891324504976
0.890061183342
0.888856766977
0.887611561819
0.886424242379
0.885191173418
0.88397357051
0.882748871879
0.881521189535
0.880324949514
0.879089132613
0.877865212293
0.876632184008
0.875446456505
0.874236873616
0.873043463778
0.871833268253
0.870626709602
0.869450423544
0.868263768713
0.867065475708
0.865866119905
0.864679105764
0.86350269538
0.862338014721
0.861174082712
0.860004606762
0.858860883067
0.857721295319
0.856570755446
0.8554099334
0.85427721941
0.85314325824
0.852002160708
0.850908325693
0.849775858081
0.848637158118
0.847531649913
0.846433227182
0.845306138393
0.844192291373
0.843107147963
0.842015071894
0.840953500048
0.839838849166
0.838735173286
0.837626922653
0.836519500136
0.8354400806
0.834342622132
0.833263682053
0.832182066735
0.831103354141
0.830020190324
0.828992975729
0.827915816414
0.82684855361
0.825785941908
0.824732616436
0.823693687566
0.822633333839
0.821566199484
0.820512646035
0.8194673319
0.818422841268
0.817378470133
0.81633823764
0.815298449361
0.814274863958
0.813259866859
0.81223071509
0.811202487426
0.810174458848
0.809204073126
0.808187088468
0.807190882388
0.806215479665
0.80522018331
0.804202836877
0.803204553524
0.802177187487
0.801193944149
0.800224207708
0.799233071846
0.798285832619
0.797293673763
0.796309496203
0.79532970262
0.794380541734
0.793417202105
0.792450571469
0.791472090635
0.79050858218
0.789525599004
0.788594230753
0.787630124195
0.786700752495
0.785736151557
0.784776077689
0.783821663957
0.782876378528
0.781923879935
0.780969650319
0.780043870173
0.779111135884
0.778192136169
0.777279798165
0.77634269584
0.775425102437
0.774508830439
0.773574467594
0.77266990602
0.771764457267
0.770838320465
0.769924504489
0.769006940782
0.768116276477
0.76720599935
0.766299264241
0.765395493836
0.764489581589
0.76358653586
0.76269228329
0.761794268448
0.760899686915
0.76003026199
0.759153482889
0.758274995411
0.75738679045
0.756505262507
0.755622137009
0.754742795525
0.753888237472
0.7530214763
0.752143771469
0.751278947736
0.75041171757
0.74956674868
0.748690682024
0.747858721253
0.747011966203
0.746167822328
0.745309820439
0.744457508483
0.743603689702
0.742749900844
0.74190659048
0.741066725016
0.740229790729
0.73939939266
0.738588740994
0.737744103435
0.736917060846
0.736100677729
0.735277540188
0.73444501429
0.7336396461
0.732805958659
0.731983099365
0.731175159658
0.730363516267
0.729541305168
0.728732078703
0.727910521152
0.727095252845
0.726286260786
0.725488107607
0.724696784019
0.723888163254
0.723098126323
0.722323057797
0.721541544551
0.720743701009
0.71995938026
0.719172389448
0.718395673768
0.717640834796
0.716859938828
0.71607398818
0.715294972545
0.714525190974
0.713749307419
0.712973805558
0.712193566239
0.711413013569
0.710628423273
0.709876353705
0.709145597033
0.708385967326
0.707658969173
0.706900707385
0.706133077988
0.705373741056
0.70461258066
0.703859366523
0.703107421208
0.702356945527
0.701605631339
0.700849428757
0.700091962726
0.699342966317
0.698595769201
0.697846905561
0.697119782738
0.69638716914
0.69565560253
0.694921495411
0.694181569938
0.693445972327
0.692702675501
0.691992593209
0.691270559571
0.690545694542
0.689820877002
0.689099020421
0.688390904477
0.687680898139
0.686961535631
0.686244297244
0.68556186347
0.684863590765
0.684158207477
0.683446822992
0.682734674169
0.682020223962
0.681323909583
0.680612364997
0.679912673979
0.679214352583
0.678511659511
0.677844524436
0.677143767396
0.676477133104
0.675782116077
0.675097292233
0.674412435881
0.673735972548
0.673064564212
0.67238296275
0.671707276074
0.671035576749
0.670369362621
0.669708918822
0.669025294796
0.668342058771
0.667679371448
0.667005093781
0.666335198255
0.665662050252
0.664998129281
0.664335615307
0.663678641055
0.663031680182
0.66237983046
0.661719628387
0.661059317099
0.660399062517
0.659759041311
0.659092087155
0.658434008386
0.657784265631
0.65714117382
0.656493702509
0.655840586151
0.655182400977
0.654538690454
0.653902961876
0.653259499469
0.652646175154
0.652004770063
0.651368833594
0.65073144623
0.650097483388
0.649465650731
0.648833329607
0.648211700414
0.647602291976
0.646980023911
0.646346969135
0.645722205151
0.645095433806
0.644487249225
0.643863973096
0.643258789663
0.642630546124
0.642001590682
0.641374047879
0.640764352519
0.640149007857
0.639525211926
0.638917305482
0.638301667372
0.637694162742
0.637087024372
0.636480613884
0.635868842027
0.635266780715
0.634669170694
0.634084294017
0.633491790784
0.632887362864
0.632285949854
0.631681342429
0.631088737752
0.630483737426
0.629884944721
0.629298708148
0.628706618722
0.628110850116
0.627527455342
0.626933810735
0.626347706985
0.625771356895
0.625190258155
0.624602014689
0.624010164881
0.623452503633
0.622875939022
0.622318382394
0.621777954645
0.621199982661
0.620634848535
0.620076427825
0.619515489238
0.618955097603
0.61838602086
0.61781914816
0.617235634558
0.616666199405
0.616100269873
0.615542139831
0.615000063396
0.614442190551
0.61387878531
0.613321707406
0.612762629471
0.612253882871
0.611703700439
0.611143736256
0.610591198777
0.610038247264
0.609474871843
0.608921080344
0.608369620486
0.607825571298
0.607270917992
0.606719804528
0.606166311558
0.60561160568
