27.9766982565
23.8123084939
22.2022532644
21.280212543
20.5876659967
20.0319213666
19.5842368933
19.2091429569
18.8719907343
18.5771233301
18.3230388807
18.0917139347
17.8821563106
17.6942994073
17.5153250857
17.3476992153
17.1846833083
17.0277765848
16.8688396955
16.7136634045
16.5553168936
16.3940836276
16.2359335801
16.0672645238
15.8903632912
15.7039761224
15.5104990435
15.314554151
15.1138083029
14.9121176177
14.7026746011
14.4891089385
14.2786962751
14.0653706949
13.8516859798
13.6385857096
13.4247983948
13.2113572414
13.0025568828
12.7988141626
12.59956312
12.3985998262
12.20478451
12.0130194926
11.8269680889
11.6476637296
11.4726986287
11.2987031604
11.1297559362
10.9636288455
10.8034670215
10.6463618053
10.4928141495
10.3440386557
10.1979360217
10.0541992316
9.91440346576
9.77939847046
9.64803509069
9.52072558769
9.3977056755
9.27712173145
9.15837267912
9.04306524823
8.93051897111
8.82268597785
8.71697735214
8.61374115029
8.51202670298
8.41459527807
8.31904935455
8.22534345887
8.13680242911
8.04810478223
7.96085763912
7.87509372975
7.79247043826
7.71334316331
7.63471607953
7.55718836722
7.48226933077
7.40950292616
7.33736971649
7.26554604141
7.19483840861
7.12609191699
7.06030729361
6.99643932906
6.93252571773
6.87082303985
6.81021634903
6.75029811377
6.69168799163
6.63441354049
6.57845990419
6.52309603494
6.46854251885
6.41460852718
6.36182245373
6.31022042626
6.2627062717
6.22483111248
6.17783318257
6.13019714338
6.08324969996
6.03752768042
5.99201772975
5.94762166093
5.90379253079
5.86054274592
5.8180224733
5.77608238436
5.734940558
5.69448141869
5.65494464068
5.61592496127
5.57769271355
5.53988126577
5.50302325574
5.46690550487
5.43218304398
5.39894888003
5.36584867258
5.33348472586
5.30087705699
5.26881750525
5.23639716145
5.20419543752
5.17258598021
5.14137953281
5.11036266776
5.07989725356
5.04996117165
5.02073916258
4.99198078116
4.9636981512
4.93575277722
4.90812892786
4.88102675146
4.85412780884
4.8275512881
4.80191051214
4.77624459612
4.75080161416
4.72563484668
4.70110090022
4.67697770683
4.65304603017
4.62932838083
4.60594177727
4.58339438233
4.56071138397
4.5382646847
4.5164726815
4.49449045545
4.47289999589
4.45248578878
4.43220551626
4.41179362618
4.39108870372
4.37054635405
4.35026910754
4.33026984835
4.31067703458
4.29106974044
4.27163510904
4.25250420991
4.23363349469
4.21491560544
4.19642367705
4.17805840929
4.15986855038
4.14189327256
4.12423598398
4.10691294009
4.08984054446
4.07313116185
4.05644431343
4.03983807731
4.02409096346
4.0083027135
3.99239879254
3.97673920885
3.96103044397
3.94539139936
3.9301896139
3.91524967193
3.90048717701
3.88611609455
3.87142460298
3.85699877414
3.84244295627
3.82792823267
3.81367678052
3.79951791926
3.78558287438
3.77193864768
3.75831732771
3.74499077235
3.73170323162
3.71841005613
3.70515537226
3.69226264234
3.67933315337
3.6665491953
3.65379833471
3.64197173459
3.63040043982
3.6183181872
3.60661254042
3.59460227061
3.58260862544
3.57084353881
3.55906619531
3.54737839048
3.53586433923
3.52445311315
3.5133466493
3.50275084306
3.49184543111
3.48081194884
3.46980460579
3.45892037367
3.4481504953
3.4375916166
3.42702492647
3.41666550468
3.40628549054
3.3959661549
3.38572452877
3.37564681683
3.36570675534
3.35578723862
3.34596102021
3.3362229236
3.32661433706
3.31700687426
3.30745305777
3.29850198116
3.2901485203
3.28120377658
3.27221009074
3.26313789476
3.25404172212
3.24499142049
3.23600450228
3.22709338598
3.21825094866
3.20947300757
3.20078228399
3.19217232995
3.18369592912
3.17526747605
3.16682947763
3.15853417215
3.15035273472
3.14257241833
3.13474163008
3.12683064823
3.11894858758
3.11101860785
3.10311706992
3.09534399743
3.08762174915
3.07989530138
3.07222173613
3.06455820902
3.05695800725
3.04952746463
3.04246446169
3.03520817842
3.02796495812
3.02072410184
3.01351112375
3.00635114406
2.9992411999
2.99215323233
2.98519617744
2.97827746886
2.97138658729
2.96452083507
2.95769315782
2.95094636035
2.9441947921
2.93750163856
2.93086167399
2.92423272005
2.91768331845
2.91128940364
2.90497671149
2.89868572399
2.89244090185
2.8861912496
2.8799381758
2.8737206881
2.86754105306
2.86144333628
2.85537155788
2.84929385178
2.84321451438
2.83719331173
2.83126673627
2.82554291583
2.81991989216
2.81434039415
2.80863891574
2.80288320605
2.79714273941
2.79142169659
2.78576869787
2.78018717271
2.77462068046
2.76906063312
2.76352399952
2.75802490358
2.75256377584
2.74726941369
2.74210212589
2.7368610756
2.73158517723
2.72632926809
2.72104983885
2.71580067687
2.71061537558
2.70546108609
2.70033588046
2.69528146275
2.69034200036
2.68537963104
2.68060763714
2.67590368117
2.67111572987
2.66631288302
2.66147331916
2.6567114539
2.65185445843
2.64702201683
2.64221447547
2.63743883833
2.63268703107
2.62798718118
2.62329598006
2.61861766895
2.6140200552
2.60942365051
2.60489859561
2.60042097819
2.59592287346
2.59143979327
2.58701284396
2.58261512021
2.57821890427
2.57386268545
2.56951833655
2.56520665636
2.5609631702
2.55668780342
2.55240943139
2.54813260184
2.54389796044
2.5396988663
2.53554717272
2.53144679671
2.52734246766
2.52326019612
2.51925436335
2.51522613834
2.51124819251
2.50743965206
2.50377174116
2.49987190632
2.49593315321
2.49198484964
2.48805123742
2.48416999713
2.48027981025
2.47640691512
2.47254996902
2.46877726321
2.46496970109
2.46120688242
2.45746214637
2.45371355778
2.44998844687
2.44634286716
2.44268431851
2.43913836304
2.4356579106
2.43210334132
2.42856914443
2.42501510921
2.42146139448
2.41791703354
2.41444422879
2.41107187972
2.4076072352
2.40412656646
2.40065580053
2.39719224166
2.39377239752
2.39033647013
2.38691501969
2.3835343486
2.38017509645
2.37684896095
2.37351771399
2.37021564796
2.36692995307
2.36364198059
2.36036634384
2.35710166078
2.35385837403
2.35066675829
2.34746585836
2.34429296033
2.34112696149
2.33796670119
2.33481016227
2.33174677632
2.32872696636
2.32579727283
2.32279651777
2.31978167424
2.31676326802
2.31373405112
2.31072874042
2.30773820118
2.30475687953
2.30181084123
2.29884681101
2.29589643423
2.29294371353
2.29002675297
2.28711414165
2.28423709682
2.28141258475
2.27855666683
2.27573668251
2.27290653641
2.27008117133
2.26726322295
2.26448046786
2.26172053915
2.25893488503
2.25616252617
2.25338986145
2.25066182476
2.24797389015
2.24528488683
2.24264752395
2.24000178561
2.23743426256
2.2348237595
2.23220985742
2.22957711609
2.226933085
2.22428533947
2.22164824388
2.21902665769
2.21642953973
2.21382612531
2.21123943687
2.20866725569
2.20609463455
2.20353355929
2.20098143494
2.19844732184
2.19593338268
2.19343652988
2.19102774755
2.18863994204
2.18622659521
2.18378107977
2.18132147774
2.17887601722
2.17644750821
2.17402790671
2.17162265827
2.16921984335
2.16683983683
2.16445020106
2.16208725852
2.15980728161
2.15752765922
2.15524814193
2.15297682175
2.15068060043
2.14840213791
2.14610633691
2.14380800153
2.14153429372
2.13925525211
2.13698965598
2.13473178859
2.13251356192
2.13037161476
2.12834906473
2.12622784787
2.1240492813
2.12188036701
2.11970041359
2.11753148483
2.11535306899
2.11317406393
2.11099892893
2.10883316458
2.10667938082
2.10454370584
2.10241881534
2.10029189617
2.09817768874
2.09611693552
2.09404387388
2.09197004736
2.08989580263
2.08783550337
2.08577312086
2.0837320073
2.08169000029
2.07966929208
2.07764796814
2.07562552407
2.07360972624
2.07160438672
2.06960071371
2.06759491347
2.06559712969
2.06362535693
2.06165998991
2.05970666194
2.05775250346
2.05579498027
2.05385107627
2.05193099309
2.05001850898
2.04813150085
2.04623472724
2.04434078446
2.04249901961
2.04061834673
2.03873852078
2.03687113
2.03503308387
2.03319473788
2.03138276026
2.0296288056
2.02787566397
2.02608289158
2.02425579818
2.02244099133
2.02062682605
2.01881165158
2.01700049023
2.01520370365
2.0134174347
2.01162321532
2.00983647922
2.00805853657
2.00628511893
2.00454413504
2.00292474563
2.00123135885
1.99949654476
1.9977729082
1.99604772938
1.99433829446
1.99263381662
1.99092316144
1.98921095627
1.98751012707
1.98580722869
1.98412146463
1.98243555838
1.98075194318
1.97907442174
1.97740526698
1.97573531332
1.97407473816
1.97264858422
1.97111487221
1.9695119879
1.96789543577
1.96627605476
1.96464913652
1.9630290754
1.96141333221
1.9598053495
1.95820149778
1.95660840177
1.9550161932
1.95343516936
1.95187501902
1.95030115189
1.94872912594
1.94716575125
1.94560310526
1.94404376926
1.94248697386
1.94093405575
1.93939356304
1.93786182784
1.93633695083
1.93481799984
1.93330643574
1.93180527583
1.93030483138
1.92881416619
1.92732983917
1.92584429256
1.92437389159
1.92293824713
1.92150133773
1.92010311062
1.91869359819
1.91726039034
1.91581762873
1.91437551088
1.91292958762
1.91148432633
1.91003711979
1.90859321298
1.90716742422
1.90573936108
1.90431294264
1.90289034226
1.9014685665
1.90008004454
1.89870441569
1.89730929596
1.89592878646
1.89454445703
1.89315961185
1.89178398621
1.89041161765
1.88905770297
1.88770124684
1.88633416003
1.88497682598
1.88362253666
1.8822772832
1.88092999548
1.87958314712
1.87823550742
1.87689770442
1.87556308607
1.87423665919
1.87290768643
1.87159308995
1.87027769469
1.86897063378
1.86766457927
1.86646850975
1.86527913531
1.86405630485
1.86279138547
1.86151153275
1.86022781544
1.85894354199
1.85766029914
1.85638155568
1.85510401754
1.8538295717
1.85255845964
1.85129186329
1.85002826552
1.84876919805
1.84752257285
1.84628835532
1.84504931268
1.84381126739
1.84257636883
1.84134660743
1.84011555167
1.83889301217
1.83768332544
1.83647202746
1.83526973447
1.83409717185
1.83299854699
1.83184042631
1.83065871543
1.82946389077
1.82827922231
1.82710571186
1.82592575892
1.82475008588
1.82363014088
1.82247384554
1.82132154871
1.82016346776
1.81900259834
1.81784579041
1.81669045388
1.81555157621
1.81445559605
1.8133234545
1.81219545474
1.8110662941
1.80993334537
1.80880938208
1.807685393
1.80655814362
1.80542876753
1.80430987535
1.80319089883
1.80207416604
1.80095845653
1.79984710213
1.79874007589
1.79763542831
1.7965315346
1.79543073887
1.79433682901
1.79324199673
1.7921506441
1.7910635077
1.78997723128
1.78889172432
1.78781099419
1.78674326358
1.78567721188
1.78461462167
1.78356090942
1.78253554023
1.78154177034
1.78057359529
1.77954582924
1.77852332511
1.77752531257
1.77651303378
1.77547822607
1.77444691075
1.77341870097
1.77239197501
1.77137198956
1.77036264746
1.76934413485
1.7683256343
1.76731927988
1.76630339253
1.76528862249
1.76427650473
1.76326622172
1.76227167088
1.7612665155
1.76026608644
1.75926457348
1.75826904824
1.75727114045
1.75627914018
1.75528846713
1.75430005016
1.75331144696
1.75232553962
1.75134490951
1.75036496629
1.74938969209
1.74841878431
1.74745275277
1.74648692959
1.74552345322
1.74456425961
1.74362461046
1.74270300882
1.74181462725
1.7409047817
1.74001728725
1.73910418164
1.7381739378
1.73723753631
1.73630663568
1.73537600935
1.7344536258
1.73353202431
1.73260922941
1.73168795564
1.73076676085
1.72984435629
1.72892817666
1.72801476625
1.72710604717
1.72619889849
1.72531210204
1.72443082908
1.72354588624
1.7226614269
1.72181675818
1.72094078335
1.72005150435
1.71916002329
1.71827289207
1.7173839583
1.7164968681
1.71561241806
1.71473042231
1.71384821325
1.71297175531
1.71209433006
1.71122105324
1.71034869441
1.70947842216
1.70860753471
1.70774112904
1.70687528031
1.70601278124
1.70515034895
1.70429155344
1.70343926794
1.702603386
1.70176983337
1.70094424989
1.70014242042
1.6993074572
1.69846647468
1.69762399111
1.69678880801
1.69598032105
1.69515630724
1.69432839208
1.69349933033
1.69266878553
1.691847734
1.6910733949
1.69030877814
1.68951202447
1.68871654595
1.68791156697
1.68710171205
1.68629847188
1.68548942207
1.68468711808
1.68388284301
1.68308103479
1.68227785411
1.68147583837
1.68067818949
1.67988277907
1.67908773671
1.67829538562
1.67750432256
1.6767157839
1.67592870759
1.67514126872
1.67435750858
1.67357642769
1.67281272345
1.67207524364
1.67136714569
1.67062375446
1.66986389266
1.66910639465
1.66834465199
1.66757627271
1.66680850033
1.66604834678
1.66529126909
1.66453194762
1.66377362842
1.66301594543
1.66226033769
1.66150548709
1.66075342113
1.66000593921
1.6592592707
1.65853275054
1.65779610834
1.65706537422
1.65634041157
1.65561741101
1.65488922829
1.65416610551
1.65343494997
1.65270819403
1.65197763765
1.65124633049
1.65051876441
1.64979060251
1.64907298033
1.64836369102
1.64765123324
1.64693073909
1.6462150105
1.64550269667
1.6447859246
1.64407305878
1.64336560779
1.64266448208
1.64196214494
1.64126280267
1.64060628596
1.63992864785
1.63924042949
1.63854553058
1.63784950365
1.63715228969
1.63645519971
1.63576024627
1.63506926963
1.6343795548
1.63368979088
1.63299894244
1.63230932753
1.63162285081
1.63093778807
1.63027020298
1.62960567883
1.62893924211
1.62827036761
1.6275995762
1.62692884779
1.62625659859
1.62558835779
1.62492258498
1.62425627015
1.62358754386
1.62292355296
1.62225628375
1.62159068988
1.62092630008
1.62026353979
1.61960198542
1.61894076853
1.618280878
1.61762334414
1.61696880059
1.61631317864
1.61566087443
1.61501666975
1.61438252412
1.61374506287
1.61311564964
1.61247825913
1.61186224091
1.61126125993
1.61065732656
1.61004387602
1.60943009894
1.60880439055
1.60817231521
1.60753985212
1.60690946651
1.60627911325
1.60565044407
1.605019576
1.60439745511
1.60377424174
1.60315156294
1.6025310236
1.60190882149
1.60128829965
1.60066852593
1.60005016513
1.59943409447
1.5988196833
1.59821012134
1.59759857618
1.59699199033
1.59638532884
1.59578032245
1.59517856582
1.59457739177
1.59397651127
1.59337395815
1.59277277032
1.59217683491
1.59158985835
1.59101926672
1.59044637388
1.5898592787
1.58926950659
1.58868504823
1.58810466696
1.58752034234
1.58693245805
1.58634557243
1.58575835764
1.58517654103
1.58459195047
1.58401527513
1.58343523741
1.58285508759
1.58228529045
1.58171771397
1.58117667867
1.58063723107
1.58007554069
1.57952101966
1.57895413781
1.57838453669
1.5778128018
1.57724012194
1.57667226764
1.57610364872
1.57553739276
1.57497242749
1.57440633162
1.57384387849
1.57328483237
1.57272327968
1.57216218181
